184
0 -3

1 -3



1 2

20 2

20 3

17 3

17 4

18 4

18 5

15 5

15 4

16 4

16 3

13 3

13 4

14 4

14 5

11 5

11 4

12 4

12 3

9 3

9 4

10 4

10 5

7 5

7 4

8 4

8 3

5 3

5 4

6 4

6 5

3 5

3 4

4 4

4 3

1 3





1 7

20 7

20 8

17 8

17 9

18 9

18 10

15 10

15 9

16 9

16 8

13 8

13 9

14 9

14 10

11 10

11 9

12 9

12 8

9 8

9 9

10 9

10 10

7 10

7 9

8 9

8 8

5 8

5 9

6 9

6 10

3 10

3 9

4 9

4 8

1 8



1 15

0 15



-0 11

-3 11

-3 12

-2 12

-2 13

-5 13

-5 12

-4 12

-4 11

-7 11

-7 12

-6 12

-6 13

-9 13

-9 12

-8 12

-8 11

-11 11

-11 12

-10 12

-10 13

-13 13

-13 12

-12 12

-12 11

-15 11

-15 12

-14 12

-14 13

-17 13

-17 12

-16 12

-16 11

-19 11

-19 10

0 10





-0 6

-3 6

-3 7

-2 7

-2 8

-5 8

-5 7

-4 7

-4 6

-7 6

-7 7

-6 7

-6 8

-9 8

-9 7

-8 7

-8 6

-11 6

-11 7

-10 7

-10 8

-13 8

-13 7

-12 7

-12 6

-15 6

-15 7

-14 7

-14 8

-17 8

-17 7

-16 7

-16 6

-19 6

-19 5

0 5





0 1

-3 1

-3 2

-2 2

-2 3

-5 3

-5 2

-4 2

-4 1

-7 1

-7 2

-6 2

-6 3

-9 3

-9 2

-8 2

-8 1

-11 1

-11 2

-10 2

-10 3

-13 3

-13 2

-12 2

-12 1

-15 1

-15 2

-14 2

-14 3

-17 3

-17 2

-16 2

-16 1

-19 1

-19 0

0 0
10
-3 2
-2 2
-2 3
-5 3
-5 2
-4 2
-4 1
-4.5 0
-2.5 0
-3 1


-3.5 2